0 0
0.3 2048
0.6 11264
0.9 16384
1.2 15360
1.5 16384
1.8 16384
2.1 15360
2.4 16384
2.7 16384
3 15360
3.3 16384
3.6 15360
3.9 16384
4.2 16384
4.5 15360
4.8 16384
5.1 16384
5.4 15360
5.7 16384
6 15360
6.3 16384
6.6 16384
6.9 15360
7.2 16384
7.5 16384
7.8 15360
8.1 16384
8.4 15360
8.7 16384
9 16384
9.3 15360
9.6 16384
9.9 16384
10.2 15360
10.5 16384
10.8 15360
11.1 16384
11.4 16384
11.7 15360
12 16384
12.3 16384
12.6 15360
12.9 16384
13.2 15360
13.5 16384
13.8 16384
14.1 15360
14.4 16384
14.7 16384
15 15360
15.3 16384
15.6 15360
15.9 16384
16.2 16384
16.5 15360
16.8 16384
17.1 16384
17.4 15360
17.7 16384
18 15360
18.3 16384
18.6 16384
18.9 15360
19.2 16384
19.5 16384
19.8 15360
20.1 16384
20.4 15360
20.7 16384
21 16384
21.3 15360
21.6 16384
21.9 16384
22.2 15360
22.5 16384
22.8 15360
23.1 16384
23.4 16384
23.7 15360
24 16384
24.3 16384
24.6 15360
24.9 16384
25.2 15360
25.5 16384
25.8 16384
26.1 15360
26.4 16384
26.7 16384
27 15360
27.3 16384
27.6 15360
27.9 16384
28.2 16384
28.5 15360
28.8 16384
29.1 16384
29.4 15360
