0 0
0.3 16384
0.6 79872
0.9 79872
1.2 79872
1.5 79872
1.8 79872
2.1 79872
2.4 80896
2.7 79872
3 79872
3.3 79872
3.6 79872
3.9 79872
4.2 79872
4.5 79872
4.8 80896
5.1 79872
5.4 79872
5.7 79872
6 79872
6.3 79872
6.6 79872
6.9 79872
7.2 80896
7.5 79872
7.8 79872
8.1 79872
8.4 79872
8.7 79872
9 79872
9.3 79872
9.6 80896
9.9 79872
10.2 79872
10.5 79872
10.8 79872
11.1 79872
11.4 79872
11.7 79872
12 80896
12.3 79872
12.6 79872
12.9 79872
13.2 79872
13.5 79872
13.8 79872
14.1 79872
14.4 80896
14.7 79872
15 79872
15.3 79872
15.6 79872
15.9 79872
16.2 79872
16.5 79872
16.8 80896
17.1 79872
17.4 79872
17.7 79872
18 79872
18.3 79872
18.6 79872
18.9 79872
19.2 80896
19.5 79872
19.8 79872
20.1 79872
20.4 79872
20.7 79872
21 79872
21.3 79872
21.6 80896
21.9 79872
22.2 79872
22.5 79872
22.8 79872
23.1 79872
23.4 79872
23.7 79872
24 80896
24.3 79872
24.6 79872
24.9 79872
25.2 79872
25.5 79872
25.8 79872
26.1 79872
26.4 80896
26.7 79872
27 79872
27.3 79872
27.6 79872
27.9 79872
28.2 79872
28.5 79872
28.8 80896
29.1 79872
29.4 79872
